7271855.05	3361199.28	2602565.79	213252.31	181499.62	146731.16	14255.46	202894.94	863965.93	450372.05	1199905.7	113405.51	10949.15	73046.66	326974.9	334525.13	351953.5	1846784.14	256258.85	14397211.98	2371381.75	5529567.51	27949854	248947	216188	25561	34459	30340	23848	22315	2011994.17	731300.43	58392.11	64514	52596	4523	54755	4910	315	2905	29642	21921	1385	8658	60904	53782	3684	2392	1046	1017	125938	157559	157390	875849	412510	157658	145402	145522	148522	151458	127287	128698	984	26399	4604	4358	4342	4467	4513	4115
4634250.83	2495880.26	2006318.55	101072.88	122534.15	99104.38	41237.28	125613.02	607527.01	394820.86	728577.44	34226.52	3233.76	6175	127917.77	248105.58	312152.57	802266.12	161523.73	12697774.4	1504105.53	4932786.42	20810048	107488	92888	4762	24599	19126	18922	16619	777659.67	127346.15	15550.84	43023	32627	2123	32023	7853	1018	2651	26911	9544	693	3205	45059	40457	3066	953	583	119	98503	117656	117089	648049	302537	117683	115754	111324	110024	105821	87443	100281	857	17811	3201	3157	3051	3029	2957	2416
42205329.61	24723936.5	19926904.22	1696492.2	1449891.51	1169543.7	290102.88	191001.99	3530966.11	2494240.35	8655112.25	1140943.6	239799.09	2441314.11	1466218.61	1824695.89	1781940.04	5295314.75	3939985.96	157946521.3	15737825.7	53607299.13	170745780	816076	794127	24732	271066	144960	218210	137648	4494775.22	584343.66	186403.82	365877	285698	2132	186181	166932	10591	10389	156716	134158	12548	50392	367402	342180	13080	5307	6817	712	976942	1134496	1134479	6372170	2968546	1134302	1114688	1100714	1001018	1002211	1019237	1019237	11697	163587	31767	30270	27367	25063	24293	24277
19003974.68	9097562.96	7424014.49	524860.24	512711.67	436675.3	110980.53	88320.73	2160020.66	1591186.93	4797727.55	938701.11	123674.88	1338666.45	851271.13	817168.74	851920.12	2948663.51	448498.36	56310477.12	6814906.02	15781930.08	46557764	358523	287081	6454	106450	57392	81129	52838	2369867.24	286421.94	59995.98	169057	133065	881	90723	70316	7102	1069	62709	78839	6276	19269	170956	153445	3663	8107	5709	429	374969	379249	374956	2281194	1093757	379267	384463	378623	349568	387863	401410	401410	5646	72699	12586	12533	12121	11348	11616	11594
12909411.41	6631937.9	5266099.29	323902.53	306793.58	260729.94	81359.61	393052.95	1329102.37	911275.92	3782583.02	358377.65	211661.14	1557337.48	759850.57	597329.44	509687.88	1165788.12	550686.67	55184289.54	8391418.9	13541820.42	26030084	202993	150908	4358	53226	37342	36271	30962	2240893.45	311232.16	42353.6	99653	72366	1056	62978	33435	2184	22690	46271	18308	2603	9781	117298	90015	5026	13051	9204	71	225839	215879	215554	1325442	633580	215879	226775	221869	221657	223619	215643	217123	1658	35502	6176	6330	5911	5834	5695	5528
12566859.48	6645191.37	5212099.76	393196.4	351878.4	326980.04	107518.3	253518.47	1340429.47	863489.7	2145592.8	92985.17	33895.84	188565.38	651794.62	557761.51	654486.12	2435645.84	760493.51	46721639.54	5040362.22	21296994.71	55938273	332973	273203	15526	77185	39883	58044	34093	1506231.34	348195.02	59492.35	140206	105395	2548	75488	57219	4834	15947	97388	16598	1581	8430	130123	114568	11856	2687	1010	53	341438	300722	300453	1945975	924880	300734	312990	324154	330222	346791	331084	331084	3634	54571	8916	8974	9111	9205	9330	9035
9421479.91	5340392.29	4161403.96	381698.7	341767.78	289132.5	94548.87	71840.48	1000024.69	680280.86	1549442.22	65609.59	26468.69	164335.07	371036.47	429991.57	518469.52	1531620.71	263546.67	54739938.04	11341801.7	13670283.58	35088885	152791	125788	3416	66816	21842	51658	19936	1213679.84	219976.02	45039.12	108405	78613	1290	66526	35047	5539	7955	54914	33852	3005	8591	110771	94305	6358	8388	1720	90	223741	189407	188644	1228205	585568	189407	204818	205359	189629	212558	226434	226434	4153	40346	6581	6849	6804	6415	6779	6918
9383255.19	5195405	4132714.84	369166.69	206286.8	204309.32	100896.95	182030.4	1077807.29	715114.51	1655159.8	62983.69	28109.39	307957	264476.47	407589.54	612153.1	1454883.1	412781.4	43236107.85	5662327.38	14770966.63	22972281	173957	138375	4289	58813	29973	40835	25978	1229567.06	231175.47	38216.24	114487	80382	480	57217	51529	5224	11648	62743	34738	1286	4020	111146	95968	5263	6572	3333	143	278965	221026	219096	1376526	661704	221026	246215	247476	227305	268395	166109	278378	1537	40766	6955	7428	7292	6927	7528	4636
5814351.03	3117216.77	2057413.11	363124.54	203307.05	135483.56	38442.72	319445.79	762847.53	393026.75	1039415.72	14561.97	2266	12123.17	408138.32	268072.17	336520.09	894871.01	89842.58	10193736.73	2867816.4	3141115.31	26415296	179691	141005	13522	26774	23508	19334	17915	1536108.18	297768.21	50057.24	54697	45488	3094	41459	9773	370	1174	24968	21591	1397	5507	52253	44077	3556	2251	2360	85	143115	163701	163627	784896	367567	163829	160817	153964	154509	151777	0	151777	741	21383	4428	4332	4181	4178	4264	0
39408866.11	22992057.71	17145387.06	1639584.31	1411144.47	1107160.24	260368.51	1428413.12	4088700.28	2185231.93	7596840.89	885432.79	177890.16	563271.9	2934776.68	1514489.02	1698870.5	4731267.23	1411272.34	109186240.6	29094042.23	34195716.69	132063139	770833	676017	26301	179493	130002	126848	104130	7370147.79	865262.28	175095.78	300216	205091	5668	236698	53147	4702	16890	161206	78139	10720	33249	278076	263183	4468	5699	4663	388	773664	953228	951102	5402074	2478488	953228	935453	923462	893881	879880	816170	816432	4075	126792	22593	22054	21583	20959	20455	19148
32317525.34	16726436.46	12370476.48	1089505.75	870394.49	632545.46	166924	1596590.28	2911229.29	1652599.07	7882056.38	1742379.08	203214.96	719027.44	2851362.17	1240152.14	1329135.55	4797803.21	1959201.87	69086151.75	16128471.01	23012871.23	105734424	696556	625540	48042	121344	107636	86485	85143	5230658.43	849848.93	121862.21	205127	151592	3060	156032	43168	2858	8323	103371	67429	2113	23707	185188	177049	2774	2174	3186	320	585621	613134	613061	3540079	1628318	613135	593689	592248	586213	585397	569397	571593	3286	92656	16173	15658	15567	15243	15226	14785
30300788.94	19307572.97	15526230.45	1286287.43	1108247.36	957261.74	211881.43	217664.56	2658774.4	1817977.67	5560126.61	1461107.65	329642.48	594479.76	1589330.87	1273492.37	641715.96	2774314.96	1845807.66	107269549	15094262.09	29137826.11	77384700	590808	495489	13828	173944	108958	140434	103270	4006233.09	542203.96	116981.61	244978	141948	1205	123127	109998	10647	4349	115006	76248	12340	36486	222981	214411	2682	2509	3379	922	691268	769781	769106	4405178	2017434	769859	738492	744547	726517	743852	681911	681911	8108	127254	23587	22498	21555	20488	20143	18425
23686492.33	12506088.1	10085797.57	722080.8	698585.54	504441.55	96866.34	398316.3	1734836.94	1033239.89	5267040.52	2330548.41	297005.44	568941.68	609394.1	1018469.38	739686.95	4178526.77	861787.62	54173143.6	10738274.02	18965872.67	78249909	400829	331716	8313	122414	81873	84348	71771	3273611.62	560325.99	92518.37	168867	114436	990	84575	69628	13632	3001	91321	47580	8109	18280	167482	159952	2914	2495	2105	288	438238	533958	531958	3070865	1404586	534423	530073	533590	525084	490341	457354	457354	5190	77440	14231	13594	13166	12813	12085	11398
29378310.12	16588845.07	13986441.8	776018.97	826142.79	591552.64	182266.43	226422.44	2558568.11	1588433.26	7527703.62	2899361.57	898325.58	997798.65	1687596.34	1265154.41	677792.65	2703193.32	2561138.71	83954629.17	12317653.83	31007070.99	67072330	276081	210547	8492	179115	83258	138842	78258	2880288.77	397369.43	72606.68	226990	146190	561	109914	98799	17584	6619	101556	65409	13920	37363	205167	202815	382	642	1320	519	678400	676913	647458	4228966	1908676	679329	683471	697346	674487	761500	732833	732833	7760	119885	23190	21846	20139	18362	18555	16754
47713956.94	25612987.36	19337080.51	2334610.62	1710474.56	1348282.26	344079.9	538459.51	4723678.46	2905491.11	8632948.65	1127040.32	294060.82	1016047.04	2314447.23	2486861.18	1688552.88	8744342.47	5129767.6	174114213.4	35016500.93	64626793.99	196378997	1092079	963279	24172	257373	200741	178859	161253	7792169.82	875724.98	163938.89	421877	265332	7320	259755	131218	23531	14379	164821	162998	19633	58797	391838	377103	4427	5363	4922	524	1109648	1269806	1269806	7084730	3228869	1269806	1242268	1251419	1254012	1171210	896015	1114010	9738	170289	32642	30380	29581	29126	27521	21039
66415933.15	36649244.48	30879819.61	1931821.74	1917230.96	1419101.87	352279.54	148990.76	7654373.84	5739918.45	16485471.14	3273278.49	583592.92	4159682.24	3704200.6	3524644.35	1823665.46	5626843.69	3696098.99	214439554.1	26457861.28	56397028.78	185868979	730196	615438	41739	404163	149674	350555	141400	6116887.59	675221.63	175773.26	527021	369898	2693	255168	240442	28707	13839	223418	182185	23930	83619	517706	488568	9092	5037	15009	1568	1503121	1723796	1722896	9820554	4517305	1723810	1705980	1682895	1535877	1581322	1590670	1606445	20372	267776	50950	49199	46232	42172	40746	38188
29711134.77	14611147.86	11546030.59	1074346.8	808987.45	682607.78	223744.77	275430.47	2217377.57	1408689.35	10136767.6	4114963.51	845782.25	1976550.24	2009976.07	1021156.9	1014120.88	2745841.74	1335997.77	94107776.58	29316600.47	23425590.65	94369954	399180	345752	24275	132974	72913	106163	68042	3219531.99	438130.04	126859.05	203304	120620	1921	94730	91962	14593	6701	118283	49766	10562	16201	196951	184497	3503	4246	4686	646	524455	624961	618177	3545680	1611744	624735	616978	617604	575799	557849	552715	553656	5378	89406	17055	16015	15271	14099	13463	13133
36817608.77	18377250.66	14669485.64	1406923.89	979425.28	630735.91	296160.24	394519.7	3052876.93	2205092.37	11604382.25	3953713.75	993357.02	1974404.05	2759781.94	1404275.33	1512207.18	3783098.93	1648986.37	102988833.5	14776870.91	24116627.23	104835944	358077	307059	8014	188515	58335	148844	54067	3935574.57	449141.36	119633.42	265887	178210	1667	126235	124091	13782	6432	127887	80282	10601	40175	235374	227970	2816	1774	2812	441	781279	884161	884094	5116575	2370993	884162	889637	872705	804199	833860	832012	832012	7757	124580	25039	23283	20767	18936	18384	17574
68881485.56	37536917.25	30291021.67	1741146.41	1852201.8	1408588.79	527929.88	1716028.7	4909630.58	3278823.16	15967307.49	7230725.12	919170.39	2083361.43	1673913.75	2497699.96	2481607.23	10467630.24	1448592.27	179313142.5	41090398.88	63143200.6	204009045	1413462	1176341	118293	293863	219275	222625	193830	8918216.26	1397953.96	311642.52	507788	365732	5556	296699	192383	13108	3924	244677	113527	25341	115156	451390	418656	14810	4467	13409	1247	1319106	1743657	1704544	9419581	4297597	1744575	1704320	1636403	1503736	1455447	1375100	1375100	10258	238924	45614	44071	42110	37874	36057	33174
38097005.88	22895309	19897226.33	1026225.02	990368.36	638129.52	112018.87	231340.9	1917468.54	1511632.12	11229122.79	4476910.61	1669439.05	2643409.78	1933334.33	1355615.07	819853	2055105.55	3517494.8	106346654.4	15170307.4	41637551.38	128622932	431450	335613	7956	189111	90517	150739	85402	4235576.8	638814.34	121471.57	247133	163480	934	101016	124677	20252	3669	137692	60689	10198	33133	250648	237848	3597	2604	6557	3986	713555	837008	824188	4637548	2163776	836779	810328	766263	743344	749481	731353	731353	8454	126041	24568	23083	20929	19553	18578	17670
6088764.28	3253688.57	2803400.53	137539.47	149494.74	101872.13	38752	22629.7	369707.23	262429.08	2091647.56	1251387.14	444003.66	379016.99	171420.23	187431.44	102391.76	373720.92	297457.79	30917997.12	6532025.44	5791286.26	13967820	84282	71999	2972	26458	11311	20647	10464	957496.72	116979.24	24915.97	49790	27715	123	14670	30401	4568	377	22962	19046	2624	4776	45647	42618	644	411	1953	1029	122661	142730	140760	809483	362485	143070	138536	137852	133528	128225	128272	128272	1388	21562	4157	3918	3686	3391	3230	3178
19513349.86	9911256.46	8277438.29	589970.55	383251.69	318070.41	66741.18	275784.34	1631544.09	974608.9	5537369.92	2132844.8	603216.73	760156.55	1264330.66	687302.66	692735.25	2433179.39	438273.01	41942957.16	7130428.19	13010865.55	33008624	276251	231767	8899	80667	64466	56010	50469	2255215.2	290752.95	33113.89	125270	77148	1195	65394	54944	3706	4985	55474	51540	3428	9547	123840	119169	2156	693	1810	560	336536	326026	322585	2099536	996577	326116	334994	336661	364650	380132	356983	356983	2954	52826	8870	8914	8641	8893	9032	8473
36658601.62	20237566.89	16871240.51	1192944.4	966504.62	785081.33	211411.24	210384.79	2467293.89	1654673.53	11836664.22	4137405.84	1892754.03	2800861.87	2578438.96	1495598.59	824358.96	2117076.62	3619025.75	83979056.54	11568016.75	34530590.53	85534034	541333	447358	18977	185808	78462	157968	71248	5372082.28	855079.23	183466.89	325016	202473	1584	137274	170783	15360	17283	130114	131593	11154	33367	272219	259573	4527	2103	6016	2361	869517	911391	899440	5518361	2648104	911392	919651	921719	915265	931665	918669	918669	5721	137768	24829	23887	23110	22303	21986	21438
26915947.06	12352764.2	10212542.16	755967.82	682401.84	515312.09	94195.94	92344.35	1889802.3	1168576.45	10325417.83	3185318.64	2103731.32	3477465.77	1840985.22	1131033.7	690614.5	2347962.73	2662589.25	72364282.48	14622878.76	26895591.04	83274998	345253	301854	13478	137793	88831	106916	83143	2971469.3	368515.95	73268.84	202061	106597	204	88822	99453	13190	1956	105559	55721	14837	22678	202859	189393	3583	1057	8825	2565	595600	650473	629938	3620770	1690658	650516	643104	616755	568675	537331	604389	604389	7113	93939	17764	17171	15901	14621	13768	14489
33828262.68	15922776.53	12763939.32	1042207.5	958919.53	847994.74	169922.57	139792.87	1839175.09	1209625.89	14199439	3779869	1317509.37	5150559.73	3221900.07	1228835.76	818274.44	1866872.06	2869787.02	97964453.21	16877494.27	25853836.3	88396273	426632	339961	2020	172515	75443	140168	70436	5626438.21	485267.46	85517.94	227269	126436	706	102933	107299	15660	12292	104691	73420	20224	15695	229197	218558	2602	1240	6796	3564	645496	634773	573308	3752041	1781320	634929	644043	633406	608862	611221	619580	619580	11186	107657	19637	18997	18227	17406	16696	16440
4412678.73	1439733.91	1141840.05	76861.01	70929.37	73215.91	19766.27	57121.3	277388.51	216465.73	2591001.77	1074673.08	882935.06	868844.72	423984.44	91282.11	132217.42	104554.54	433868.27	16365891.19	1855959.79	2824360.66	5254634	51793	36639	1263	12611	5165	9958	4758	1151310.63	48187.46	8493.47	20429	11291	39	9411	10515	443	807	7272	7094	2039	2414	20315	20143	38	44	90	0	45601	58283	45012	315122	153862	58286	55590	51902	50401	50454	48489	48489	806	8613	1618	1551	1436	1350	1335	1322
19429756.57	9695871.95	7294300.95	689144.06	662402.04	584527.47	345231.25	120266.18	2291340.51	1552660.62	5411783.5	1566250.87	251836.82	1124724.64	1168635.78	920386.54	631785.67	2030760.61	1971485.09	55331398.77	7904789.77	16511542.19	79678219	416245	378843	9851	98204	59300	78108	53558	2723015.61	376125.24	104376.44	159061	109872	1642	100833	53367	3208	2127	58872	69290	9229	19199	157442	144065	5942	2953	4482	7	359973	480513	479371	2523085	1185713	480754	458100	416226	399960	392033	376012	376012	4752	66561	12581	11950	11003	10518	10094	9713
14791478.94	8100293.89	6609044.87	481498.25	497742.06	394008.84	65445.7	52554.17	1678567.85	1241753.4	3728262.92	1128740.24	197791.13	499631.99	711820.33	853559.21	534511.15	1284354.28	1374703.48	60829031	9370519.33	17076328.57	37694807	245288	210079	7620	97874	54634	74656	51146	2128409.01	279310.66	50602.99	141962	74677	619	82096	47518	11669	2884	53067	66715	7023	11742	131554	128437	990	1110	1016	874	294669	336255	327571	1855722	877443	336261	324662	309698	281309	303660	300132	300133	6172	70545	13173	12651	11745	10743	10777	10167
4257553.84	1793494.74	1291894.28	112151.68	137227.54	99657.86	33377.03	119186.35	312865.66	208665.59	1653791.86	383691.11	235793.34	622000.72	270530.74	161067.93	216501.36	497401.58	307517.37	15806870.77	2041041.68	3417801.94	11110020	66815	54236	3767	18277	7545	13488	6623	858603.09	52408.72	7915.65	27319	15630	212	15342	10810	940	2210	13981	6609	1257	3042	23287	21922	118	96	1151	42	72761	84977	77731	465091	226131	85323	80952	76025	74224	73861	74706	74706	758	12555	2609	2391	2007	1899	1850	1760
4621957.58	2606348.13	2057730.7	205352.38	138812.87	141853.43	26075.76	36522.99	474743.75	297921.45	1001054.24	252191.39	117906.1	79605.11	234093.02	267636.79	167527.93	539811.46	406386.41	20183054.6	3669786.31	6496800.12	12179187	101501	79635	2469	24551	15648	17540	13305	896070.08	160968.3	29585.32	34239	22750	124	19722	13074	1315	2466	14127	11362	1749	4506	32552	32071	116	89	276	151	99430	96628	95488	581350	277274	96735	96517	93987	92146	100070	101895	101895	1353	15237	2803	2687	2538	2433	2403	2326
14426406.59	8153170.97	6374987.45	620985	457034.7	436525.11	74357.36	189281.35	1719195.51	914028.85	3534421.46	648274.7	491478.17	908351.98	991306.41	560556.33	425932.04	1019618.65	1227844.78	78743124.22	20360025.04	21793926.93	31352969	233593	180040	4278	78612	45678	54452	40354	2327856.09	315723.19	38326.4	153387	110757	310	69665	74689	8709	7358	45470	56600	14625	28280	137694	125714	2454	4837	4688	216	308950	433397	431653	2286283	1105166	433604	406964	398261	374094	350167	323193	323193	3523	62336	11774	11141	10878	10156	9507	8880
